V1 = 27.46309983
V2 = 22.29643317
V5 = 24.07421094
V3 = 1.53
V4 = 1.53
V9 = 30.08607356
V8 = 18.20577367
V10 = 2.22
V6 = 2.1
V7 = 0
V11 = 24.90754428
V14 = 21.68532206
V15 = 1.99
V13 = 0
V12 = 1.12
V17 = 22.6297665
V19 = 22.039107
V18 = 20.48355144
V20 = 14.92799589
V16 = 1.99
V21 = 17.65021811
V25 = 18.87244033
V23 = 1.78
V22 = 1.33
V24 = 1.55
V30 = 18.039107
V26 = 18.039107
V29 = 11.70577367
V28 = 1.78
V27 = 1.99
V32 = 17.65021811
V34 = 16.90533744
V33 = 24.79643317
V35 = 1.93
V31 = 2.42
V40 = 30.51865539
V39 = 30.51865539
V38 = 1.99
V36 = 2.1
V37 = 0.63
V42 = 2.705773667
V41 = 18.40533744
V45 = 14.92799589
V44 = 1.46
V43 = 1.99
V46 = 14.92799589
V50 = 7.539107
V49 = 9.592455722
V48 = 2.37
V47 = 1
V51 = 19.34978189
V54 = 14.92799589
V55 = 1
V52 = 1.03
V53 = 1.47
V59 = 18.40533744
V60 = 33.91940689
V56 = 1.99
V58 = 1.99
V57 = 0
V64 = 3.650218111
V63 = 16.29422633
V62 = 16.29422633
V61 = 1.29
