V1 = 27.46309983
V2 = 22.29643317
V5 = 24.07421094
V3 = 2.42
V4 = 2.42
V9 = 18.20577367
V8 = 18.20577367
V10 = 1.59
V6 = 0
V7 = 1.47
V11 = 20.48355144
V14 = 14.92799589
V13 = 1.99
V15 = 0
V12 = 1.12
V17 = 18.20577367
V19 = 22.039107
V18 = 20.48355144
V20 = 14.92799589
V16 = 1.99
V21 = 17.65021811
V25 = 18.87244033
V22 = 3.09
V23 = 1.33
V24 = 1.55
V30 = 18.039107
V26 = 24.01865539
V29 = 8.759122389
V28 = 2.42
V27 = 2.63
V32 = 24.18532206
V34 = 16.90533744
V33 = 16.90533744
V35 = 1.29
V31 = 2.42
V40 = 26.09466256
V39 = 26.09466256
V38 = 1.99
V36 = 0.63
V37 = 1.99
V42 = 2.705773667
V41 = 18.40533744
V45 = 14.92799589
V44 = 1.46
V43 = 1.99
V46 = 14.92799589
V50 = 4.518655389
V49 = 3.191704222
V48 = 2.37
V47 = 1
V51 = 19.34978189
V54 = 14.92799589
V52 = 1.99
V55 = 1.03
V53 = 1.47
V59 = 18.40533744
V60 = 22.039107
V56 = 1.99
V57 = 2.63
V58 = 0
V64 = 10.68532206
V63 = 25.74087761
V62 = 25.74087761
V61 = 1.93
